1 0 0
1 0 0
1 0 1
1 0 1
1 0 1
1 0 2
1 0 2
1 0 15
1 0 15
1 0 16
1 0 16
1 0 16
1 0 17
1 0 17
1 0 18
1 0 18
1 0 19
1 0 19
1 0 20
1 0 21
1 0 21
1 0 21
1 0 32
1 0 33
1 0 33
1 1 3
1 1 3
1 1 5
1 1 9
1 1 11
1 1 11
1 1 11
1 1 19
1 1 19
1 1 23
1 1 30
1 1 37
1 1 37
1 1 40
1 1 40
1 1 42
1 2 1
1 2 1
1 2 1
1 2 5
1 2 5
1 2 6
1 2 6
1 2 12
1 2 13
1 2 13
1 2 13
1 2 14
1 2 14
1 2 15
1 2 15
1 2 18
1 2 18
1 2 20
1 2 23
1 2 23
1 2 23
1 2 24
1 2 24
1 2 24
1 2 30
1 2 30
1 2 43
1 2 43
1 3 3
1 3 11
1 3 13
1 3 13
1 3 13
1 3 16
1 3 16
1 3 17
1 3 20
1 3 24
1 3 32
1 3 43
1 3 43
1 4 3
1 4 3
1 4 3
1 4 4
1 4 4
1 4 5
1 4 5
1 4 5
1 4 6
1 4 6
1 4 7
1 4 8
1 4 12
1 4 12
1 4 16
1 4 16
1 4 17
1 4 17
1 4 18
1 4 19
1 4 31
1 4 32
1 4 33
1 4 37
1 4 38
1 4 38
1 4 40
1 4 40
1 4 40
1 4 41
1 4 41
1 4 42
1 4 42
1 4 43
1 4 43
1 4 43
1 4 47
1 4 47
1 5 0
1 5 2
1 5 2
1 5 4
1 5 7
1 5 7
1 5 8
1 5 8
1 5 10
1 5 10
1 5 10
1 5 11
1 5 11
1 5 11
1 5 18
1 5 18
1 5 18
1 5 19
1 5 22
1 5 23
1 5 30
1 5 30
1 5 35
1 5 42
1 5 43
1 5 43
1 5 43
1 6 0
1 6 1
1 6 2
1 6 3
1 6 3
1 6 8
1 6 8
1 6 10
1 6 10
1 6 11
1 6 11
1 6 11
1 6 19
1 6 19
1 6 22
1 6 25
1 6 26
1 6 26
1 6 26
1 6 30
1 6 46
1 6 48
1 6 48
1 6 49
1 6 49
1 7 3
1 7 5
1 7 5
1 7 6
1 7 11
1 7 16
1 7 24
1 7 25
1 7 25
1 7 26
1 7 44
1 7 45
1 7 45
1 7 46
1 7 46
1 7 46
1 7 49
1 7 49
1 8 0
1 8 0
1 8 0
1 8 5
1 8 5
1 8 6
1 8 9
1 8 9
1 8 9
1 8 10
1 8 10
1 8 14
1 8 14
1 8 16
1 8 16
1 8 16
1 8 17
1 8 18
1 8 18
1 8 18
1 8 24
1 8 24
1 8 24
1 8 25
1 8 25
1 8 25
1 8 26
1 8 26
1 8 31
1 8 31
1 8 32
1 8 33
1 8 39
1 8 39
1 8 42
1 8 43
1 8 43
1 8 44
1 8 44
1 8 45
1 9 1
1 9 4
1 9 5
1 9 6
1 9 18
1 9 18
1 9 27
1 9 27
1 9 32
1 9 32
1 9 35
1 9 36
1 9 36
1 9 40
1 9 40
1 9 45
1 9 45
1 10 6
1 10 6
1 10 7
1 10 7
1 10 11
1 10 11
1 10 16
1 10 16
1 10 28
1 10 28
1 10 34
1 10 34
1 10 34
1 10 35
1 10 35
1 10 35
1 10 36
1 10 38
1 10 38
1 10 42
1 10 42
1 10 43
1 10 48
1 10 48
1 11 1
1 11 7
1 11 8
1 11 9
1 11 9
1 11 9
1 11 10
1 11 16
1 11 16
1 11 16
1 11 24
1 11 24
1 11 26
1 11 27
1 11 27
1 11 30
1 11 30
1 11 35
1 11 35
1 11 35
1 11 36
1 11 43
1 11 43
1 11 43
1 12 9
1 12 11
1 12 11
1 12 11
1 12 12
1 12 12
1 12 17
1 12 18
1 12 18
1 12 18
1 12 19
1 12 19
1 12 26
1 12 28
1 12 29
1 12 29
1 12 30
1 12 30
1 12 32
1 12 34
1 12 39
1 12 39
1 12 40
1 12 40
1 12 40
1 12 41
1 12 41
1 12 41
1 12 42
1 12 42
1 12 45
1 12 45
1 13 3
1 13 3
1 13 7
1 13 7
1 13 15
1 13 15
1 13 17
1 13 17
1 13 19
1 13 29
1 13 34
1 13 34
1 13 36
1 13 36
1 13 37
1 13 37
1 13 38
1 13 38
1 13 38
1 13 39
1 13 39
1 13 39
1 13 40
1 13 40
1 13 40
1 13 47
1 13 47
1 13 47
1 13 48
1 13 48
1 13 49
1 14 6
1 14 13
1 14 15
1 14 16
1 14 16
1 14 17
1 14 18
1 14 18
1 14 19
1 14 20
1 14 20
1 14 21
1 14 21
1 14 22
1 14 25
1 14 26
1 14 27
1 14 27
1 14 28
1 14 29
1 14 29
1 14 29
1 14 33
1 14 36
1 14 36
1 14 37
1 14 41
1 14 41
1 14 45
1 14 46
1 14 47
1 14 47
1 14 47
1 14 48
1 14 48
1 14 48
1 14 49
1 14 49
1 14 49
1 15 9
1 15 21
1 15 22
1 15 22
1 15 22
1 15 23
1 15 24
1 15 24
1 15 25
1 15 25
1 15 28
1 15 28
1 15 29
1 15 29
1 15 35
1 15 37
1 15 37
1 15 37
1 15 38
1 15 41
1 15 42
1 15 42
1 15 43
1 15 43
1 15 45
1 15 46
1 15 49
1 15 49
1 16 9
1 16 9
1 16 19
1 16 25
1 16 25
1 16 25
1 16 26
1 16 30
1 16 30
1 16 31
1 16 31
1 16 31
1 16 32
1 16 40
1 16 40
1 16 44
1 16 49
1 17 5
1 17 5
1 17 5
1 17 7
1 17 7
1 17 8
1 17 8
1 17 8
1 17 19
1 17 33
1 17 35
1 17 35
1 17 35
1 17 42
1 17 42
1 17 43
1 17 43
1 17 44
1 17 44
1 17 45
1 17 45
1 17 48
1 18 3
1 18 4
1 18 5
1 18 5
1 18 6
1 18 16
1 18 16
1 18 16
1 18 17
1 18 17
1 18 18
1 18 19
1 18 20
1 18 20
1 18 21
1 18 21
1 18 21
1 18 22
1 18 37
1 18 37
1 18 38
1 18 39
1 18 39
1 18 43
1 18 43
1 18 48
1 18 48
1 18 48
1 19 1
1 19 1
1 19 2
1 19 2
1 19 2
1 19 5
1 19 8
1 19 8
1 19 9
1 19 9
1 19 13
1 19 13
1 19 14
1 19 15
1 19 15
1 19 15
1 19 16
1 19 16
1 19 16
1 19 23
1 19 25
1 19 25
1 19 26
1 19 40
1 19 41
1 19 41
1 19 41
1 19 42
1 19 42
1 19 42
1 19 43
1 19 43
1 19 43
1 20 4
1 20 4
1 20 5
1 20 5
1 20 8
1 20 8
1 20 8
1 20 9
1 20 10
1 20 14
1 20 14
1 20 16
1 20 16
1 20 16
1 20 17
1 20 17
1 20 18
1 20 18
1 20 18
1 20 23
1 20 23
1 20 25
1 20 25
1 20 25
1 20 30
1 20 31
1 20 31
1 20 31
1 20 32
1 20 32
1 20 32
1 20 35
1 20 35
1 20 35
1 20 38
1 20 38
1 20 42
1 20 42
1 20 48
1 20 48
1 21 3
1 21 3
1 21 5
1 21 5
1 21 5
1 21 6
1 21 12
1 21 15
1 21 15
1 21 15
1 21 16
1 21 16
1 21 17
1 21 17
1 21 17
1 21 18
1 21 18
1 21 18
1 21 23
1 21 24
1 21 26
1 21 26
1 21 28
1 21 32
1 21 33
1 21 33
1 21 38
1 21 38
1 21 38
1 21 44
1 21 44
1 21 44
1 21 45
1 21 45
1 21 45
1 21 46
1 21 46
1 21 49
1 22 5
1 22 10
1 22 11
1 22 13
1 22 15
1 22 15
1 22 15
1 22 16
1 22 16
1 22 19
1 22 23
1 22 25
1 22 25
1 22 27
1 22 27
1 22 32
1 22 35
1 22 35
1 23 1
1 23 1
1 23 1
1 23 4
1 23 4
1 23 11
1 23 17
1 23 18
1 23 23
1 23 25
1 23 25
1 23 25
1 23 26
1 23 26
1 23 26
1 23 27
1 23 27
1 23 28
1 23 28
1 23 42
1 23 42
1 23 46
1 23 47
1 24 1
1 24 5
1 24 12
1 24 17
1 24 17
1 24 17
1 24 18
1 24 18
1 24 19
1 24 19
1 24 19
1 24 22
1 24 22
1 24 23
1 24 23
1 24 28
1 24 28
1 24 29
1 24 29
1 24 39
1 24 39
1 24 40
1 24 40
1 24 43
1 24 43
1 24 43
1 24 45
1 24 45
1 25 10
1 25 10
1 25 10
1 25 11
1 25 11
1 25 11
1 25 12
1 25 17
1 25 17
1 25 19
1 25 19
1 25 21
1 25 21
1 25 21
1 25 22
1 25 22
1 25 22
1 25 28
1 25 28
1 25 45
1 26 1
1 26 1
1 26 13
1 26 19
1 26 19
1 26 19
1 26 20
1 26 34
1 26 34
1 26 35
1 26 35
1 26 35
1 26 39
1 26 39
1 26 40
1 26 47
1 27 3
1 27 3
1 27 3
1 27 4
1 27 4
1 27 4
1 27 5
1 27 5
1 27 13
1 27 14
1 27 14
1 27 14
1 27 15
1 27 15
1 27 15
1 27 26
1 27 33
1 27 33
1 27 33
1 27 34
1 27 34
1 27 34
1 27 35
1 27 45
1 27 45
1 27 47
1 28 2
1 28 4
1 28 14
1 28 17
1 28 17
1 28 26
1 28 35
1 28 35
1 28 36
1 28 36
1 28 38
1 28 38
1 28 44
1 28 44
1 29 0
1 29 1
1 29 2
1 29 2
1 29 2
1 29 14
1 29 14
1 29 17
1 29 17
1 29 25
1 29 26
1 29 27
1 29 27
1 29 28
1 29 28
1 29 36
1 29 36
1 29 44
1 29 44
1 29 44
1 29 45
1 29 45
1 29 45
1 29 46
1 29 46
1 29 48
1 30 1
1 30 8
1 30 8
1 30 8
1 30 11
1 30 11
1 30 13
1 30 13
1 30 15
1 30 15
1 30 15
1 30 16
1 30 16
1 30 16
1 30 20
1 30 21
1 30 25
1 30 43
1 30 43
1 30 43
1 30 45
1 30 45
1 30 45
1 30 46
1 30 46
1 30 49
1 31 5
1 31 6
1 31 14
1 31 14
1 31 14
1 31 16
1 31 16
1 31 20
1 31 20
1 31 24
1 31 25
1 31 25
1 31 25
1 31 30
1 31 39
1 31 43
1 31 43
1 31 48
1 31 48
1 31 49
1 31 49
1 32 4
1 32 4
1 32 6
1 32 6
1 32 6
1 32 8
1 32 9
1 32 9
1 32 10
1 32 10
1 32 16
1 32 16
1 32 16
1 32 17
1 32 17
1 32 17
1 32 20
1 32 20
1 32 22
1 32 23
1 32 24
1 32 24
1 32 27
1 32 27
1 32 28
1 32 28
1 32 30
1 32 36
1 32 36
1 32 38
1 32 40
1 32 40
1 32 40
1 32 43
1 32 43
1 32 46
1 32 47
1 32 49
1 32 49
1 33 4
1 33 4
1 33 17
1 33 20
1 33 20
1 33 23
1 33 23
1 33 24
1 33 28
1 33 28
1 33 34
1 33 34
1 33 36
1 33 36
1 33 36
1 33 38
1 33 40
1 33 40
1 33 47
1 33 47
1 33 47
1 34 17
1 34 17
1 34 17
1 34 23
1 34 23
1 34 29
1 34 29
1 34 29
1 34 35
1 34 36
1 34 37
1 34 37
1 34 38
1 34 38
1 34 40
1 34 47
1 34 47
1 34 47
1 34 48
1 34 48
1 35 19
1 35 19
1 35 25
1 35 25
1 35 28
1 35 32
1 35 32
1 35 45
1 35 45
1 35 46
1 35 47
1 35 48
1 35 48
1 36 0
1 36 0
1 36 1
1 36 1
1 36 3
1 36 3
1 36 10
1 36 10
1 36 11
1 36 11
1 36 11
1 36 35
1 36 35
1 36 37
1 36 37
1 36 37
1 36 39
1 36 39
1 36 39
1 36 40
1 36 43
1 36 49
1 36 49
1 36 49
1 37 1
1 37 1
1 37 1
1 37 3
1 37 3
1 37 5
1 37 9
1 37 9
1 37 9
1 37 10
1 37 12
1 37 12
1 37 12
1 37 14
1 37 15
1 37 15
1 37 16
1 37 16
1 37 16
1 37 24
1 37 37
1 37 37
1 37 37
1 37 38
1 37 38
1 37 38
1 37 41
1 37 41
1 37 41
1 37 42
1 37 43
1 37 43
1 37 43
1 37 48
1 37 48
1 37 49
1 37 49
1 38 0
1 38 6
1 38 10
1 38 10
1 38 11
1 38 11
1 38 11
1 38 18
1 38 23
1 38 23
1 38 23
1 38 26
1 38 26
1 38 27
1 38 27
1 38 27
1 38 30
1 38 30
1 38 33
1 38 33
1 38 33
1 38 36
1 38 36
1 38 39
1 38 39
1 38 39
1 38 41
1 38 43
1 38 45
1 38 45
1 38 45
1 38 46
1 38 46
1 38 49
1 39 3
1 39 3
1 39 8
1 39 9
1 39 9
1 39 9
1 39 44
1 39 44
1 39 45
1 39 45
1 39 45
1 40 4
1 40 5
1 40 5
1 40 9
1 40 9
1 40 10
1 40 10
1 40 11
1 40 30
1 40 30
1 40 30
1 40 41
1 41 0
1 41 0
1 41 0
1 41 3
1 41 4
1 41 4
1 41 5
1 41 5
1 41 5
1 41 8
1 41 13
1 41 14
1 41 24
1 41 25
1 41 27
1 41 27
1 41 30
1 41 30
1 41 30
1 41 31
1 41 32
1 41 37
1 41 37
1 41 38
1 41 38
1 41 41
1 41 48
1 41 48
1 41 49
1 41 49
1 42 0
1 42 2
1 42 3
1 42 3
1 42 3
1 42 8
1 42 8
1 42 12
1 42 13
1 42 18
1 42 18
1 42 18
1 42 26
1 42 26
1 42 27
1 42 27
1 42 27
1 42 28
1 42 28
1 42 29
1 42 29
1 42 30
1 42 30
1 42 30
1 42 41
1 42 41
1 43 0
1 43 0
1 43 0
1 43 2
1 43 2
1 43 4
1 43 5
1 43 5
1 43 18
1 43 18
1 43 19
1 43 22
1 43 22
1 43 23
1 43 27
1 43 27
1 43 27
1 43 28
1 43 29
1 43 29
1 43 29
1 43 33
1 43 33
1 43 35
1 43 36
1 43 36
1 43 38
1 43 38
1 43 38
1 43 44
1 44 1
1 44 1
1 44 1
1 44 10
1 44 10
1 44 18
1 44 18
1 44 29
1 44 29
1 44 30
1 44 35
1 44 35
1 44 36
1 44 38
1 44 42
1 44 42
1 44 44
1 44 44
1 45 0
1 45 0
1 45 0
1 45 17
1 45 18
1 45 47
1 45 47
1 46 1
1 46 7
1 46 7
1 46 8
1 46 8
1 46 13
1 46 16
1 46 24
1 46 25
1 46 25
1 46 26
1 46 26
1 46 29
1 46 29
1 46 30
1 46 30
1 46 30
1 46 31
1 46 31
1 46 31
1 46 32
1 46 33
1 46 36
1 46 40
1 46 40
1 46 45
1 46 45
1 46 45
1 46 46
1 46 46
1 47 1
1 47 1
1 47 3
1 47 3
1 47 3
1 47 4
1 47 5
1 47 9
1 47 9
1 47 10
1 47 11
1 47 11
1 47 13
1 47 18
1 47 18
1 47 19
1 47 19
1 47 19
1 47 20
1 47 26
1 47 30
1 47 30
1 47 30
1 47 32
1 47 34
1 47 34
1 47 35
1 47 35
1 47 35
1 47 36
1 47 36
1 47 37
1 47 42
1 47 42
1 47 45
1 47 45
1 47 45
1 47 46
1 47 46
1 47 47
1 47 47
1 47 47
1 48 0
1 48 0
1 48 0
1 48 1
1 48 1
1 48 2
1 48 2
1 48 2
1 48 3
1 48 3
1 48 7
1 48 8
1 48 8
1 48 9
1 48 9
1 48 9
1 48 10
1 48 10
1 48 11
1 48 11
1 48 11
1 48 13
1 48 13
1 48 18
1 48 19
1 48 19
1 48 19
1 48 20
1 48 20
1 48 20
1 48 21
1 48 21
1 48 21
1 48 22
1 48 22
1 48 24
1 48 24
1 48 24
1 48 25
1 48 25
1 48 25
1 48 28
1 48 32
1 48 34
1 48 34
1 48 35
1 48 35
1 48 35
1 48 37
1 48 37
1 48 37
1 48 40
1 48 43
1 48 43
1 48 45
1 48 47
1 48 47
1 49 2
1 49 3
1 49 3
1 49 3
1 49 19
1 49 19
1 49 22
1 49 23
1 49 23
1 49 23
1 49 24
1 49 25
1 49 25
1 49 26
1 49 26
1 49 28
1 49 28
1 49 32
1 49 32
1 49 40
1 49 41
1 49 41
1 49 42
1 49 42
1 49 47
1 49 47
1 0 23
1 0 23
1 0 23
1 0 23
1 0 24
1 0 24
1 0 24
1 1 20
1 1 20
1 1 20
1 1 20
1 1 20
1 1 28
1 1 28
1 1 28
1 1 28
1 1 34
1 1 34
1 1 34
1 1 34
1 1 34
1 1 36
1 1 36
1 1 36
1 1 36
1 1 36
1 1 41
1 1 41
1 1 41
1 1 41
1 2 3
1 2 3
1 2 3
1 2 3
1 2 4
1 2 4
1 2 4
1 2 29
1 2 29
1 2 29
1 2 29
1 2 29
1 4 30
1 4 30
1 4 30
1 4 30
1 4 48
1 4 48
1 4 48
1 4 48
1 5 9
1 5 9
1 5 9
1 5 9
1 5 9
1 5 29
1 5 29
1 5 29
1 5 29
1 5 29
1 5 48
1 5 48
1 5 48
1 5 48
1 5 48
1 6 47
1 6 47
1 6 47
1 6 47
1 7 10
1 7 10
1 7 10
1 7 10
1 7 10
1 7 13
1 7 13
1 7 13
1 7 13
1 7 13
1 7 30
1 7 30
1 7 30
1 7 30
1 7 39
1 7 39
1 7 39
1 7 39
1 7 39
1 8 23
1 8 23
1 8 23
1 8 23
1 8 23
1 10 15
1 10 15
1 10 15
1 10 15
1 10 32
1 10 32
1 10 32
1 10 32
1 10 37
1 10 37
1 10 37
1 10 37
1 10 37
1 10 47
1 10 47
1 10 47
1 10 47
1 10 47
1 11 25
1 11 25
1 11 25
1 11 25
1 11 37
1 11 37
1 11 37
1 11 37
1 11 37
1 11 49
1 11 49
1 11 49
1 11 49
1 11 49
1 12 7
1 12 7
1 12 7
1 12 7
1 12 7
1 12 13
1 12 13
1 12 13
1 12 13
1 12 13
1 12 36
1 12 36
1 12 36
1 12 36
1 12 37
1 12 37
1 12 37
1 12 37
1 12 37
1 13 33
1 13 33
1 13 33
1 13 33
1 13 33
1 14 35
1 14 35
1 14 35
1 14 35
1 14 35
1 15 10
1 15 10
1 15 10
1 15 10
1 15 10
1 15 44
1 15 44
1 15 44
1 15 44
1 16 33
1 16 33
1 16 33
1 16 33
1 16 33
1 16 34
1 16 34
1 16 34
1 16 34
1 16 41
1 16 41
1 16 41
1 16 41
1 16 41
1 17 6
1 17 6
1 17 6
1 17 6
1 17 6
1 17 30
1 17 30
1 17 30
1 17 30
1 17 30
1 17 31
1 17 31
1 17 31
1 17 31
1 17 31
1 17 41
1 17 41
1 17 41
1 17 41
1 17 46
1 17 46
1 17 46
1 17 46
1 18 1
1 18 1
1 18 1
1 18 1
1 18 1
1 18 2
1 18 2
1 18 2
1 18 2
1 19 48
1 19 48
1 19 48
1 19 48
1 19 48
1 19 49
1 19 49
1 19 49
1 19 49
1 20 6
1 20 6
1 20 6
1 20 6
1 20 6
1 20 13
1 20 13
1 20 13
1 20 13
1 20 49
1 20 49
1 20 49
1 20 49
1 22 12
1 22 12
1 22 12
1 22 12
1 22 33
1 22 33
1 22 33
1 22 33
1 22 33
1 22 34
1 22 34
1 22 34
1 22 34
1 22 39
1 22 39
1 22 39
1 22 39
1 22 43
1 22 43
1 22 43
1 22 43
1 22 44
1 22 44
1 22 44
1 22 44
1 23 5
1 23 5
1 23 5
1 23 5
1 23 5
1 23 39
1 23 39
1 23 39
1 23 39
1 23 40
1 23 40
1 23 40
1 23 40
1 23 41
1 23 41
1 23 41
1 23 41
1 23 41
1 23 44
1 23 44
1 23 44
1 23 44
1 23 44
1 23 45
1 23 45
1 23 45
1 23 45
1 25 13
1 25 13
1 25 13
1 25 13
1 25 13
1 25 38
1 25 38
1 25 38
1 25 38
1 25 38
1 26 10
1 26 10
1 26 10
1 26 10
1 26 10
1 26 11
1 26 11
1 26 11
1 26 11
1 26 32
1 26 32
1 26 32
1 26 32
1 26 32
1 27 1
1 27 1
1 27 1
1 27 1
1 27 17
1 27 17
1 27 17
1 27 17
1 27 17
1 28 5
1 28 5
1 28 5
1 28 5
1 28 5
1 28 7
1 28 7
1 28 7
1 28 7
1 28 7
1 28 48
1 28 48
1 28 48
1 28 48
1 28 49
1 28 49
1 28 49
1 29 7
1 29 7
1 29 7
1 29 8
1 29 8
1 29 8
1 29 8
1 29 8
1 29 37
1 29 37
1 29 37
1 29 37
1 31 10
1 31 10
1 31 10
1 31 10
1 32 19
1 32 19
1 32 19
1 32 19
1 32 19
1 34 5
1 34 5
1 34 5
1 34 5
1 34 5
1 34 32
1 34 32
1 34 32
1 34 32
1 35 10
1 35 10
1 35 10
1 35 10
1 35 10
1 36 2
1 36 2
1 36 2
1 36 2
1 36 17
1 36 17
1 36 17
1 36 17
1 36 17
1 38 17
1 38 17
1 38 17
1 38 17
1 38 17
1 40 3
1 40 3
1 40 3
1 40 3
1 40 13
1 40 13
1 40 13
1 40 13
1 40 14
1 40 14
1 40 14
1 40 27
1 40 27
1 40 27
1 40 27
1 40 27
1 40 28
1 40 28
1 40 28
1 40 42
1 40 42
1 40 42
1 40 42
1 40 42
1 41 6
1 41 6
1 41 6
1 41 6
1 41 6
1 42 23
1 42 23
1 42 23
1 42 23
1 42 33
1 42 33
1 42 33
1 42 33
1 42 33
1 46 18
1 46 18
1 46 18
1 46 18
1 46 18
1 47 7
1 47 7
1 47 7
1 47 7
1 47 8
1 47 8
1 47 8
1 47 8
1 47 25
1 47 25
1 47 25
1 47 25
1 47 25
1 47 40
1 47 40
1 47 40
1 47 40
1 48 44
1 48 44
1 48 44
1 48 44
1 48 44
2 0 0
2 0 15
2 0 32
2 6 25
2 14 10
2 16 19
2 20 30
2 26 31
2 27 3
2 27 26
2 31 39
2 35 0
2 38 26
2 41 18
2 45 47
2 46 7
2 0 6
2 0 14
2 0 25
2 0 27
2 0 29
2 0 35
2 0 40
2 0 42
2 0 45
2 0 48
2 1 0
2 1 7
2 1 15
2 1 31
2 2 25
2 2 33
2 2 36
2 2 38
2 2 46
2 3 4
2 3 21
2 3 27
2 3 41
2 3 45
2 4 2
2 4 13
2 4 25
2 4 34
2 4 36
2 5 20
2 5 31
2 5 39
2 5 49
2 6 24
2 6 29
2 6 33
2 6 36
2 6 43
2 7 2
2 7 4
2 7 8
2 7 14
2 7 20
2 7 37
2 7 40
2 8 11
2 8 41
2 8 46
2 9 14
2 9 17
2 9 31
2 9 33
2 9 42
2 10 13
2 11 29
2 12 5
2 12 8
2 12 27
2 12 48
2 13 0
2 13 1
2 13 4
2 13 11
2 13 12
2 13 14
2 13 30
2 13 32
2 13 46
2 14 2
2 14 5
2 14 9
2 15 3
2 15 7
2 15 13
2 15 19
2 15 36
2 15 47
2 16 5
2 16 21
2 16 28
2 16 39
2 17 3
2 17 9
2 17 16
2 17 20
2 17 27
2 17 37
2 18 11
2 18 25
2 18 31
2 18 42
2 18 45
2 19 0
2 19 4
2 19 20
2 19 24
2 19 30
2 19 37
2 20 3
2 20 15
2 20 29
2 20 39
2 20 43
2 21 8
2 21 11
2 21 21
2 22 2
2 22 20
2 22 30
2 22 38
2 22 42
2 22 45
2 23 13
2 23 21
2 23 34
2 23 48
2 24 2
2 24 4
2 24 6
2 24 16
2 24 35
2 24 36
2 24 38
2 24 47
2 25 7
2 25 26
2 25 27
2 25 48
2 26 8
2 26 16
2 26 22
2 26 33
2 26 37
2 26 41
2 27 0
2 27 2
2 27 6
2 27 9
2 27 11
2 27 24
2 27 25
2 27 29
2 27 42
2 28 13
2 28 23
2 28 28
2 28 37
2 29 4
2 29 12
2 29 16
2 29 18
2 29 20
2 30 0
2 30 3
2 30 22
2 30 34
2 30 35
2 30 37
2 30 38
2 31 9
2 31 18
2 31 23
2 31 28
2 31 31
2 31 35
2 31 41
2 31 46
2 32 0
2 32 11
2 32 37
2 33 14
2 33 26
2 33 30
2 33 44
2 34 1
2 34 3
2 34 7
2 34 18
2 34 20
2 34 22
2 34 24
2 34 26
2 34 31
2 34 34
2 34 42
2 35 2
2 35 12
2 35 13
2 35 30
2 35 38
2 36 4
2 36 28
2 36 41
2 37 4
2 37 11
2 37 13
2 37 29
2 37 31
2 37 44
2 38 1
2 38 7
2 38 19
2 38 21
2 38 31
2 38 42
2 38 48
2 39 4
2 39 25
2 39 33
2 39 38
2 39 47
2 39 49
2 40 8
2 40 17
2 40 29
2 40 34
2 40 40
2 41 9
2 41 11
2 41 19
2 41 20
2 41 23
2 41 26
2 41 44
2 42 6
2 42 10
2 42 35
2 42 38
2 42 49
2 43 3
2 43 8
2 43 11
2 43 14
2 43 21
2 43 31
2 43 41
2 43 45
2 43 47
2 44 11
2 44 32
2 44 37
2 44 46
2 45 5
2 45 7
2 45 9
2 45 23
2 45 29
2 45 33
2 45 35
2 45 38
2 45 42
2 45 48
2 45 49
2 46 0
2 46 19
2 46 27
2 46 37
2 46 43
2 47 6
2 47 23
2 47 31
2 47 41
2 47 48
2 48 15
2 48 16
2 48 26
2 48 30
2 49 7
2 49 9
2 49 10
2 49 18
2 49 38
