155
144
13
31
4
193
66
22
150
5
11
47
19
125
120
95
62
94
123
192
54
182
99
86
55
87
196
153
173
9
72
103
108
18
3
117
93
2
119
80
181
7
166
159
180
179
189
156
76
146
198
139
110
170
174
24
178
188
59
61
112
20
106
109
168
44
32
185
15
35
165
14
49
69
162
88
183
122
56
127
30
39
34
51
160
53
164
115
135
73
0
60
187
138
114
75
25
137
175
10
169
194
41
143
191
101
57
84
6
140
33
12
85
141
145
132
104
148
89
133
78
45
116
152
43
176
58
161
171
111
27
17
130
1
26
186
90
157
142
46
91
167
121
100
63
29
52
67
68
28
124
92
98
82
96
177
8
129
195
42
190
172
163
83
199
113
105
126
158
81
38
184
65
23
40
21
151
77
131
48
102
136
79
16
70
128
37
154
36
147
74
64
50
118
71
197
134
97
107
149
